[
  {
    "V1": 1,
    "V2": 0.8358,
    "V3": 0.2092,
    "V4": 0.38,
    "V5": 0.6129,
    "V6": 0.3777,
    "V7": 0.3573,
    "V8": 0.1148,
    "V9": -0.5973,
    "V10": -0.2368,
    "V11": 0.678,
    "V12": 0.8958,
    "V13": 0.1895,
    "V14": 0.3142,
    "V15": -0.169,
    "V16": 0.3026,
    "V17": -0.2264,
    "V18": 0.2894,
    "V19": -0.0595,
    "V20": -0.2326,
    "V21": 0.2651,
    "V22": 0.3955,
    "V23": -0.0831,
    "V24": -0.5337,
    "V25": -0.0797,
    "V26": 0.6382,
    "V27": -0.2317,
    "V28": 0.2516,
    "V29": 0.2102,
    "V30": 0.1959,
    "V31": 0.4308,
    "V32": -0.3725,
    "V33": -0.3999,
    "V34": -0.1149,
    "V35": 0.0122,
    "V36": -0.0676,
    "V37": -0.4384
  },
  {
    "V1": 0.8358,
    "V2": 1,
    "V3": 0.1057,
    "V4": 0.5331,
    "V5": 0.2554,
    "V6": 0.5021,
    "V7": 0.2054,
    "V8": 0.0914,
    "V9": -0.4932,
    "V10": -0.2761,
    "V11": 0.3096,
    "V12": 0.5935,
    "V13": -0.2356,
    "V14": 0.5225,
    "V15": 0.0251,
    "V16": -0.0272,
    "V17": -0.1177,
    "V18": 0.0805,
    "V19": -0.1408,
    "V20": -0.3343,
    "V21": 0.2952,
    "V22": 0.3739,
    "V23": 0.1316,
    "V24": -0.3248,
    "V25": 0.2125,
    "V26": 0.7169,
    "V27": -0.1553,
    "V28": 0.4569,
    "V29": 0.1103,
    "V30": 0.266,
    "V31": 0.5511,
    "V32": -0.6218,
    "V33": -0.5751,
    "V34": -0.4896,
    "V35": 0.1043,
    "V36": -0.0398,
    "V37": -0.3983
  },
  {
    "V1": 0.2092,
    "V2": 0.1057,
    "V3": 1,
    "V4": 0.813,
    "V5": 0.6,
    "V6": 0.821,
    "V7": 0.6194,
    "V8": 0.1206,
    "V9": -0.6404,
    "V10": -0.2073,
    "V11": 0.5448,
    "V12": 0.1946,
    "V13": 0.6023,
    "V14": -0.1759,
    "V15": 0.8039,
    "V16": 0.2463,
    "V17": -0.2972,
    "V18": -0.1069,
    "V19": 0.1725,
    "V20": 0.256,
    "V21": -0.2775,
    "V22": 0.0032,
    "V23": 0.1219,
    "V24": -0.1632,
    "V25": -0.2592,
    "V26": -0.2454,
    "V27": 0.6837,
    "V28": 0.3905,
    "V29": 0.4162,
    "V30": 0.0058,
    "V31": -0.55,
    "V32": -0.2074,
    "V33": -0.1137,
    "V34": -0.1095,
    "V35": -0.7447,
    "V36": 0.37,
    "V37": 0.0046
  },
  {
    "V1": 0.38,
    "V2": 0.5331,
    "V3": 0.813,
    "V4": 1,
    "V5": 0.2945,
    "V6": 0.9826,
    "V7": 0.5416,
    "V8": 0.1272,
    "V9": -0.6378,
    "V10": -0.2512,
    "V11": 0.3156,
    "V12": 0.188,
    "V13": 0.1133,
    "V14": 0.0346,
    "V15": 0.7888,
    "V16": -0.1474,
    "V17": -0.1649,
    "V18": -0.2769,
    "V19": -0.059,
    "V20": 0.0186,
    "V21": -0.2165,
    "V22": 0.1322,
    "V23": 0.2066,
    "V24": -0.1099,
    "V25": -0.0514,
    "V26": 0.1962,
    "V27": 0.4952,
    "V28": 0.705,
    "V29": 0.3622,
    "V30": 0.1578,
    "V31": -0.1508,
    "V32": -0.609,
    "V33": -0.4561,
    "V34": -0.5235,
    "V35": -0.5966,
    "V36": 0.3932,
    "V37": 0.0637
  },
  {
    "V1": 0.6129,
    "V2": 0.2554,
    "V3": 0.6,
    "V4": 0.2945,
    "V5": 1,
    "V6": 0.2845,
    "V7": 0.4285,
    "V8": 0.0943,
    "V9": -0.6511,
    "V10": -0.2305,
    "V11": 0.8327,
    "V12": 0.671,
    "V13": 0.8292,
    "V14": 0.2197,
    "V15": 0.1519,
    "V16": 0.8329,
    "V17": -0.4183,
    "V18": 0.436,
    "V19": 0.3415,
    "V20": 0.1741,
    "V21": 0.1989,
    "V22": 0.1118,
    "V23": -0.0111,
    "V24": -0.4579,
    "V25": -0.119,
    "V26": -0.15,
    "V27": 0.24,
    "V28": -0.1525,
    "V29": 0.238,
    "V30": -0.0397,
    "V31": -0.2848,
    "V32": 0.1352,
    "V33": 0.057,
    "V34": 0.2728,
    "V35": -0.2181,
    "V36": -0.1501,
    "V37": -0.5335
  },
  {
    "V1": 0.3777,
    "V2": 0.5021,
    "V3": 0.821,
    "V4": 0.9826,
    "V5": 0.2845,
    "V6": 1,
    "V7": 0.5821,
    "V8": 0.1391,
    "V9": -0.6114,
    "V10": -0.2518,
    "V11": 0.3866,
    "V12": 0.237,
    "V13": 0.1158,
    "V14": -0.0943,
    "V15": 0.7587,
    "V16": -0.1663,
    "V17": -0.2069,
    "V18": -0.2713,
    "V19": -0.0635,
    "V20": -0.0038,
    "V21": -0.2518,
    "V22": 0.182,
    "V23": 0.1825,
    "V24": -0.184,
    "V25": -0.1811,
    "V26": 0.221,
    "V27": 0.5391,
    "V28": 0.7662,
    "V29": 0.4191,
    "V30": 0.1843,
    "V31": -0.1204,
    "V32": -0.6059,
    "V33": -0.4305,
    "V34": -0.4552,
    "V35": -0.651,
    "V36": 0.5175,
    "V37": 0.0429
  },
  {
    "V1": 0.3573,
    "V2": 0.2054,
    "V3": 0.6194,
    "V4": 0.5416,
    "V5": 0.4285,
    "V6": 0.5821,
    "V7": 1,
    "V8": 0.1791,
    "V9": -0.4506,
    "V10": -0.2254,
    "V11": 0.4414,
    "V12": 0.2934,
    "V13": 0.2868,
    "V14": -0.3184,
    "V15": 0.2957,
    "V16": 0.0356,
    "V17": 0.3061,
    "V18": -0.1237,
    "V19": -0.0831,
    "V20": -0.0338,
    "V21": -0.2864,
    "V22": 0.0482,
    "V23": -0.1324,
    "V24": -0.2538,
    "V25": -0.5426,
    "V26": -0.0262,
    "V27": 0.1608,
    "V28": 0.2475,
    "V29": 0.8352,
    "V30": 0.7294,
    "V31": -0.3182,
    "V32": -0.4378,
    "V33": -0.414,
    "V34": -0.2326,
    "V35": -0.7029,
    "V36": 0.1896,
    "V37": -0.076
  },
  {
    "V1": 0.1148,
    "V2": 0.0914,
    "V3": 0.1206,
    "V4": 0.1272,
    "V5": 0.0943,
    "V6": 0.1391,
    "V7": 0.1791,
    "V8": 1,
    "V9": 0.2796,
    "V10": -0.1016,
    "V11": 0.2091,
    "V12": 0.1874,
    "V13": 0.1415,
    "V14": 0.0368,
    "V15": 0.1183,
    "V16": 0.0976,
    "V17": 0.0155,
    "V18": -0.3452,
    "V19": -0.3872,
    "V20": -0.4081,
    "V21": -0.3638,
    "V22": -0.3374,
    "V23": -0.3911,
    "V24": -0.2114,
    "V25": -0.131,
    "V26": -0.0028,
    "V27": -0.005,
    "V28": 0.0226,
    "V29": -0.3046,
    "V30": 0.0002,
    "V31": -0.0925,
    "V32": -0.1325,
    "V33": -0.1508,
    "V34": -0.0809,
    "V35": -0.1671,
    "V36": -0.0498,
    "V37": -0.134
  },
  {
    "V1": -0.5973,
    "V2": -0.4932,
    "V3": -0.6404,
    "V4": -0.6378,
    "V5": -0.6511,
    "V6": -0.6114,
    "V7": -0.4506,
    "V8": 0.2796,
    "V9": 1,
    "V10": 0.0646,
    "V11": -0.4787,
    "V12": -0.4065,
    "V13": -0.331,
    "V14": -0.1202,
    "V15": -0.3179,
    "V16": -0.2483,
    "V17": 0.3386,
    "V18": -0.4169,
    "V19": -0.447,
    "V20": -0.4154,
    "V21": -0.3482,
    "V22": -0.5126,
    "V23": -0.434,
    "V24": 0.231,
    "V25": 0.0991,
    "V26": -0.0954,
    "V27": -0.2046,
    "V28": -0.241,
    "V29": -0.4328,
    "V30": -0.0829,
    "V31": 0.1696,
    "V32": 0.3651,
    "V33": 0.3503,
    "V34": 0.2448,
    "V35": 0.41,
    "V36": -0.0081,
    "V37": 0.2829
  },
  {
    "V1": -0.2368,
    "V2": -0.2761,
    "V3": -0.2073,
    "V4": -0.2512,
    "V5": -0.2305,
    "V6": -0.2518,
    "V7": -0.2254,
    "V8": -0.1016,
    "V9": 0.0646,
    "V10": 1,
    "V11": -0.311,
    "V12": -0.2856,
    "V13": -0.1766,
    "V14": -0.2626,
    "V15": -0.2412,
    "V16": -0.2291,
    "V17": 0.0483,
    "V18": -0.1993,
    "V19": -0.2213,
    "V20": -0.11,
    "V21": -0.2309,
    "V22": -0.2458,
    "V23": -0.2636,
    "V24": 0.059,
    "V25": -0.0913,
    "V26": -0.0789,
    "V27": -0.1939,
    "V28": -0.1557,
    "V29": -0.1405,
    "V30": -0.2093,
    "V31": -0.0725,
    "V32": 0.0614,
    "V33": 0.0162,
    "V34": 0.022,
    "V35": -0.0055,
    "V36": -0.0829,
    "V37": 0.2504
  },
  {
    "V1": 0.678,
    "V2": 0.3096,
    "V3": 0.5448,
    "V4": 0.3156,
    "V5": 0.8327,
    "V6": 0.3866,
    "V7": 0.4414,
    "V8": 0.2091,
    "V9": -0.4787,
    "V10": -0.311,
    "V11": 1,
    "V12": 0.8744,
    "V13": 0.7294,
    "V14": -0.0473,
    "V15": 0.0974,
    "V16": 0.6475,
    "V17": -0.5163,
    "V18": 0.2505,
    "V19": 0.0781,
    "V20": -0.0863,
    "V21": -0.0278,
    "V22": 0.171,
    "V23": -0.2144,
    "V24": -0.6946,
    "V25": -0.3294,
    "V26": 0.1839,
    "V27": 0.3072,
    "V28": 0.2047,
    "V29": 0.2678,
    "V30": -0.0278,
    "V31": 0.0389,
    "V32": 0.1166,
    "V33": 0.1374,
    "V34": 0.4324,
    "V35": -0.219,
    "V36": 0.2859,
    "V37": -0.4069
  },
  {
    "V1": 0.8958,
    "V2": 0.5935,
    "V3": 0.1946,
    "V4": 0.188,
    "V5": 0.671,
    "V6": 0.237,
    "V7": 0.2934,
    "V8": 0.1874,
    "V9": -0.4065,
    "V10": -0.2856,
    "V11": 0.8744,
    "V12": 1,
    "V13": 0.419,
    "V14": 0.1456,
    "V15": -0.229,
    "V16": 0.4911,
    "V17": -0.3753,
    "V18": 0.2858,
    "V19": -0.0864,
    "V20": -0.288,
    "V21": 0.1295,
    "V22": 0.286,
    "V23": -0.2713,
    "V24": -0.6967,
    "V25": -0.2,
    "V26": 0.554,
    "V27": -0.0907,
    "V28": 0.202,
    "V29": 0.1515,
    "V30": 0.053,
    "V31": 0.427,
    "V32": -0.04,
    "V33": -0.0557,
    "V34": 0.2859,
    "V35": 0.0699,
    "V36": 0.1092,
    "V37": -0.4339
  },
  {
    "V1": 0.1895,
    "V2": -0.2356,
    "V3": 0.6023,
    "V4": 0.1133,
    "V5": 0.8292,
    "V6": 0.1158,
    "V7": 0.2868,
    "V8": 0.1415,
    "V9": -0.331,
    "V10": -0.1766,
    "V11": 0.7294,
    "V12": 0.419,
    "V13": 1,
    "V14": -0.0367,
    "V15": 0.2628,
    "V16": 0.8206,
    "V17": -0.3962,
    "V18": 0.2104,
    "V19": 0.2409,
    "V20": 0.2251,
    "V21": -0.1298,
    "V22": -0.1991,
    "V23": -0.2096,
    "V24": -0.3319,
    "V25": -0.1559,
    "V26": -0.4111,
    "V27": 0.406,
    "V28": -0.2372,
    "V29": 0.0988,
    "V30": -0.2759,
    "V31": -0.4912,
    "V32": 0.5115,
    "V33": 0.4459,
    "V34": 0.5845,
    "V35": -0.231,
    "V36": 0.007,
    "V37": -0.1684
  },
  {
    "V1": 0.3142,
    "V2": 0.5225,
    "V3": -0.1759,
    "V4": 0.0346,
    "V5": 0.2197,
    "V6": -0.0943,
    "V7": -0.3184,
    "V8": 0.0368,
    "V9": -0.1202,
    "V10": -0.2626,
    "V11": -0.0473,
    "V12": 0.1456,
    "V13": -0.0367,
    "V14": 1,
    "V15": 0.0188,
    "V16": 0.3936,
    "V17": -0.1118,
    "V18": 0.1704,
    "V19": 0.0709,
    "V20": -0.1789,
    "V21": 0.4554,
    "V22": -0.1026,
    "V23": 0.1802,
    "V24": -0.0343,
    "V25": 0.8358,
    "V26": 0.1165,
    "V27": -0.09,
    "V28": -0.2024,
    "V29": -0.3717,
    "V30": -0.0903,
    "V31": 0.251,
    "V32": 0.0467,
    "V33": -0.018,
    "V34": -0.1829,
    "V35": 0.6176,
    "V36": -0.5557,
    "V37": -0.475
  },
  {
    "V1": -0.169,
    "V2": 0.0251,
    "V3": 0.8039,
    "V4": 0.7888,
    "V5": 0.1519,
    "V6": 0.7587,
    "V7": 0.2957,
    "V8": 0.1183,
    "V9": -0.3179,
    "V10": -0.2412,
    "V11": 0.0974,
    "V12": -0.229,
    "V13": 0.2628,
    "V14": 0.0188,
    "V15": 1,
    "V16": -0.0319,
    "V17": -0.2117,
    "V18": -0.4014,
    "V19": 0.0345,
    "V20": 0.1539,
    "V21": -0.3614,
    "V22": -0.2178,
    "V23": 0.2207,
    "V24": 0.0761,
    "V25": 0.1482,
    "V26": -0.2789,
    "V27": 0.8068,
    "V28": 0.4971,
    "V29": 0.1597,
    "V30": -0.0853,
    "V31": -0.461,
    "V32": -0.1735,
    "V33": -0.0053,
    "V34": -0.2673,
    "V35": -0.5092,
    "V36": 0.4146,
    "V37": 0.2068
  },
  {
    "V1": 0.3026,
    "V2": -0.0272,
    "V3": 0.2463,
    "V4": -0.1474,
    "V5": 0.8329,
    "V6": -0.1663,
    "V7": 0.0356,
    "V8": 0.0976,
    "V9": -0.2483,
    "V10": -0.2291,
    "V11": 0.6475,
    "V12": 0.4911,
    "V13": 0.8206,
    "V14": 0.3936,
    "V15": -0.0319,
    "V16": 1,
    "V17": -0.4269,
    "V18": 0.4626,
    "V19": 0.3561,
    "V20": 0.104,
    "V21": 0.2629,
    "V22": -0.119,
    "V23": -0.0816,
    "V24": -0.3849,
    "V25": 0.1513,
    "V26": -0.3442,
    "V27": 0.2186,
    "V28": -0.4699,
    "V29": -0.0854,
    "V30": -0.2341,
    "V31": -0.2412,
    "V32": 0.5672,
    "V33": 0.4471,
    "V34": 0.5732,
    "V35": 0.1949,
    "V36": -0.3166,
    "V37": -0.6007
  },
  {
    "V1": -0.2264,
    "V2": -0.1177,
    "V3": -0.2972,
    "V4": -0.1649,
    "V5": -0.4183,
    "V6": -0.2069,
    "V7": 0.3061,
    "V8": 0.0155,
    "V9": 0.3386,
    "V10": 0.0483,
    "V11": -0.5163,
    "V12": -0.3753,
    "V13": -0.3962,
    "V14": -0.1118,
    "V15": -0.2117,
    "V16": -0.4269,
    "V17": 1,
    "V18": -0.3562,
    "V19": -0.3713,
    "V20": -0.2195,
    "V21": -0.2533,
    "V22": -0.2847,
    "V23": -0.2644,
    "V24": 0.478,
    "V25": -0.1366,
    "V26": -0.0679,
    "V27": -0.5067,
    "V28": -0.2592,
    "V29": 0.3004,
    "V30": 0.6163,
    "V31": -0.1317,
    "V32": -0.3001,
    "V33": -0.4199,
    "V34": -0.4215,
    "V35": -0.0888,
    "V36": -0.3579,
    "V37": 0.3253
  },
  {
    "V1": 0.2894,
    "V2": 0.0805,
    "V3": -0.1069,
    "V4": -0.2769,
    "V5": 0.436,
    "V6": -0.2713,
    "V7": -0.1237,
    "V8": -0.3452,
    "V9": -0.4169,
    "V10": -0.1993,
    "V11": 0.2505,
    "V12": 0.2858,
    "V13": 0.2104,
    "V14": 0.1704,
    "V15": -0.4014,
    "V16": 0.4626,
    "V17": -0.3562,
    "V18": 1,
    "V19": 0.8549,
    "V20": 0.6525,
    "V21": 0.8962,
    "V22": 0.733,
    "V23": 0.6089,
    "V24": -0.1195,
    "V25": -0.0992,
    "V26": -0.1442,
    "V27": -0.2286,
    "V28": -0.4456,
    "V29": -0.0431,
    "V30": -0.128,
    "V31": -0.041,
    "V32": 0.1071,
    "V33": -0.0161,
    "V34": 0.1671,
    "V35": 0.1096,
    "V36": -0.3886,
    "V37": -0.5914
  },
  {
    "V1": -0.0595,
    "V2": -0.1408,
    "V3": 0.1725,
    "V4": -0.059,
    "V5": 0.3415,
    "V6": -0.0635,
    "V7": -0.0831,
    "V8": -0.3872,
    "V9": -0.447,
    "V10": -0.2213,
    "V11": 0.0781,
    "V12": -0.0864,
    "V13": 0.2409,
    "V14": 0.0709,
    "V15": 0.0345,
    "V16": 0.3561,
    "V17": -0.3713,
    "V18": 0.8549,
    "V19": 1,
    "V20": 0.8835,
    "V21": 0.773,
    "V22": 0.6367,
    "V23": 0.8335,
    "V24": 0.1084,
    "V25": -0.0675,
    "V26": -0.4847,
    "V27": 0.1413,
    "V28": -0.3554,
    "V29": -0.0025,
    "V30": -0.1947,
    "V31": -0.404,
    "V32": 0.0825,
    "V33": 0.0217,
    "V34": 0.0324,
    "V35": -0.158,
    "V36": -0.2475,
    "V37": -0.44
  },
  {
    "V1": -0.2326,
    "V2": -0.3343,
    "V3": 0.256,
    "V4": 0.0186,
    "V5": 0.1741,
    "V6": -0.0038,
    "V7": -0.0338,
    "V8": -0.4081,
    "V9": -0.4154,
    "V10": -0.11,
    "V11": -0.0863,
    "V12": -0.288,
    "V13": 0.2251,
    "V14": -0.1789,
    "V15": 0.1539,
    "V16": 0.104,
    "V17": -0.2195,
    "V18": 0.6525,
    "V19": 0.8835,
    "V20": 1,
    "V21": 0.5292,
    "V22": 0.5477,
    "V23": 0.7563,
    "V24": 0.2988,
    "V25": -0.1724,
    "V26": -0.5203,
    "V27": 0.0991,
    "V28": -0.2847,
    "V29": 0.0248,
    "V30": -0.2487,
    "V31": -0.5489,
    "V32": 0.0437,
    "V33": -0.0076,
    "V34": -0.0377,
    "V35": -0.3476,
    "V36": -0.1595,
    "V37": -0.0011
  },
  {
    "V1": 0.2651,
    "V2": 0.2952,
    "V3": -0.2775,
    "V4": -0.2165,
    "V5": 0.1989,
    "V6": -0.2518,
    "V7": -0.2864,
    "V8": -0.3638,
    "V9": -0.3482,
    "V10": -0.2309,
    "V11": -0.0278,
    "V12": 0.1295,
    "V13": -0.1298,
    "V14": 0.4554,
    "V15": -0.3614,
    "V16": 0.2629,
    "V17": -0.2533,
    "V18": 0.8962,
    "V19": 0.773,
    "V20": 0.5292,
    "V21": 1,
    "V22": 0.7244,
    "V23": 0.7442,
    "V24": 0.0186,
    "V25": 0.2081,
    "V26": -0.0078,
    "V27": -0.2984,
    "V28": -0.3592,
    "V29": -0.1722,
    "V30": -0.072,
    "V31": 0.1392,
    "V32": -0.0763,
    "V33": -0.1747,
    "V34": -0.1244,
    "V35": 0.3018,
    "V36": -0.4932,
    "V37": -0.6156
  },
  {
    "V1": 0.3955,
    "V2": 0.3739,
    "V3": 0.0032,
    "V4": 0.1322,
    "V5": 0.1118,
    "V6": 0.182,
    "V7": 0.0482,
    "V8": -0.3374,
    "V9": -0.5126,
    "V10": -0.2458,
    "V11": 0.171,
    "V12": 0.286,
    "V13": -0.1991,
    "V14": -0.1026,
    "V15": -0.2178,
    "V16": -0.119,
    "V17": -0.2847,
    "V18": 0.733,
    "V19": 0.6367,
    "V20": 0.5477,
    "V21": 0.7244,
    "V22": 1,
    "V23": 0.7069,
    "V24": -0.1029,
    "V25": -0.3198,
    "V26": 0.2829,
    "V27": -0.1992,
    "V28": 0.1562,
    "V29": 0.1394,
    "V30": 0.0496,
    "V31": 0.2106,
    "V32": -0.4242,
    "V33": -0.4094,
    "V34": -0.2296,
    "V35": -0.1769,
    "V36": 0.0477,
    "V37": -0.3166
  },
  {
    "V1": -0.0831,
    "V2": 0.1316,
    "V3": 0.1219,
    "V4": 0.2066,
    "V5": -0.0111,
    "V6": 0.1825,
    "V7": -0.1324,
    "V8": -0.3911,
    "V9": -0.434,
    "V10": -0.2636,
    "V11": -0.2144,
    "V12": -0.2713,
    "V13": -0.2096,
    "V14": 0.1802,
    "V15": 0.2207,
    "V16": -0.0816,
    "V17": -0.2644,
    "V18": 0.6089,
    "V19": 0.8335,
    "V20": 0.7563,
    "V21": 0.7442,
    "V22": 0.7069,
    "V23": 1,
    "V24": 0.243,
    "V25": 0.1179,
    "V26": -0.2245,
    "V27": 0.154,
    "V28": 0.0043,
    "V29": -0.0226,
    "V30": -0.076,
    "V31": -0.1878,
    "V32": -0.2921,
    "V33": -0.257,
    "V34": -0.3923,
    "V35": -0.1517,
    "V36": -0.1157,
    "V37": -0.2981
  },
  {
    "V1": -0.5337,
    "V2": -0.3248,
    "V3": -0.1632,
    "V4": -0.1099,
    "V5": -0.4579,
    "V6": -0.184,
    "V7": -0.2538,
    "V8": -0.2114,
    "V9": 0.231,
    "V10": 0.059,
    "V11": -0.6946,
    "V12": -0.6967,
    "V13": -0.3319,
    "V14": -0.0343,
    "V15": 0.0761,
    "V16": -0.3849,
    "V17": 0.478,
    "V18": -0.1195,
    "V19": 0.1084,
    "V20": 0.2988,
    "V21": 0.0186,
    "V22": -0.1029,
    "V23": 0.243,
    "V24": 1,
    "V25": 0.0698,
    "V26": -0.3893,
    "V27": -0.2219,
    "V28": -0.3195,
    "V29": -0.1807,
    "V30": -0.1136,
    "V31": -0.3998,
    "V32": -0.1578,
    "V33": -0.2564,
    "V34": -0.433,
    "V35": -0.1131,
    "V36": -0.3652,
    "V37": 0.3275
  },
  {
    "V1": -0.0797,
    "V2": 0.2125,
    "V3": -0.2592,
    "V4": -0.0514,
    "V5": -0.119,
    "V6": -0.1811,
    "V7": -0.5426,
    "V8": -0.131,
    "V9": 0.0991,
    "V10": -0.0913,
    "V11": -0.3294,
    "V12": -0.2,
    "V13": -0.1559,
    "V14": 0.8358,
    "V15": 0.1482,
    "V16": 0.1513,
    "V17": -0.1366,
    "V18": -0.0992,
    "V19": -0.0675,
    "V20": -0.1724,
    "V21": 0.2081,
    "V22": -0.3198,
    "V23": 0.1179,
    "V24": 0.0698,
    "V25": 1,
    "V26": 0.0688,
    "V27": 0.0954,
    "V28": -0.0607,
    "V29": -0.4307,
    "V30": -0.2528,
    "V31": 0.2733,
    "V32": 0.2755,
    "V33": 0.2978,
    "V34": -0.0392,
    "V35": 0.7165,
    "V36": -0.301,
    "V37": -0.0739
  },
  {
    "V1": 0.6382,
    "V2": 0.7169,
    "V3": -0.2454,
    "V4": 0.1962,
    "V5": -0.15,
    "V6": 0.221,
    "V7": -0.0262,
    "V8": -0.0028,
    "V9": -0.0954,
    "V10": -0.0789,
    "V11": 0.1839,
    "V12": 0.554,
    "V13": -0.4111,
    "V14": 0.1165,
    "V15": -0.2789,
    "V16": -0.3442,
    "V17": -0.0679,
    "V18": -0.1442,
    "V19": -0.4847,
    "V20": -0.5203,
    "V21": -0.0078,
    "V22": 0.2829,
    "V23": -0.2245,
    "V24": -0.3893,
    "V25": 0.0688,
    "V26": 1,
    "V27": -0.3242,
    "V28": 0.5998,
    "V29": 0.0371,
    "V30": 0.1404,
    "V31": 0.8919,
    "V32": -0.3771,
    "V33": -0.2785,
    "V34": -0.15,
    "V35": 0.2956,
    "V36": 0.2939,
    "V37": 0.0793
  },
  {
    "V1": -0.2317,
    "V2": -0.1553,
    "V3": 0.6837,
    "V4": 0.4952,
    "V5": 0.24,
    "V6": 0.5391,
    "V7": 0.1608,
    "V8": -0.005,
    "V9": -0.2046,
    "V10": -0.1939,
    "V11": 0.3072,
    "V12": -0.0907,
    "V13": 0.406,
    "V14": -0.09,
    "V15": 0.8068,
    "V16": 0.2186,
    "V17": -0.5067,
    "V18": -0.2286,
    "V19": 0.1413,
    "V20": 0.0991,
    "V21": -0.2984,
    "V22": -0.1992,
    "V23": 0.154,
    "V24": -0.2219,
    "V25": 0.0954,
    "V26": -0.3242,
    "V27": 1,
    "V28": 0.4496,
    "V29": 0.1917,
    "V30": -0.1748,
    "V31": -0.3285,
    "V32": 0.206,
    "V33": 0.4103,
    "V34": 0.2097,
    "V35": -0.3172,
    "V36": 0.6166,
    "V37": -0.0275
  },
  {
    "V1": 0.2516,
    "V2": 0.4569,
    "V3": 0.3905,
    "V4": 0.705,
    "V5": -0.1525,
    "V6": 0.7662,
    "V7": 0.2475,
    "V8": 0.0226,
    "V9": -0.241,
    "V10": -0.1557,
    "V11": 0.2047,
    "V12": 0.202,
    "V13": -0.2372,
    "V14": -0.2024,
    "V15": 0.4971,
    "V16": -0.4699,
    "V17": -0.2592,
    "V18": -0.4456,
    "V19": -0.3554,
    "V20": -0.2847,
    "V21": -0.3592,
    "V22": 0.1562,
    "V23": 0.0043,
    "V24": -0.3195,
    "V25": -0.0607,
    "V26": 0.5998,
    "V27": 0.4496,
    "V28": 1,
    "V29": 0.2918,
    "V30": 0.1202,
    "V31": 0.401,
    "V32": -0.451,
    "V33": -0.1794,
    "V34": -0.2478,
    "V35": -0.2743,
    "V36": 0.8221,
    "V37": 0.2709
  },
  {
    "V1": 0.2102,
    "V2": 0.1103,
    "V3": 0.4162,
    "V4": 0.3622,
    "V5": 0.238,
    "V6": 0.4191,
    "V7": 0.8352,
    "V8": -0.3046,
    "V9": -0.4328,
    "V10": -0.1405,
    "V11": 0.2678,
    "V12": 0.1515,
    "V13": 0.0988,
    "V14": -0.3717,
    "V15": 0.1597,
    "V16": -0.0854,
    "V17": 0.3004,
    "V18": -0.0431,
    "V19": -0.0025,
    "V20": 0.0248,
    "V21": -0.1722,
    "V22": 0.1394,
    "V23": -0.0226,
    "V24": -0.1807,
    "V25": -0.4307,
    "V26": 0.0371,
    "V27": 0.1917,
    "V28": 0.2918,
    "V29": 1,
    "V30": 0.7705,
    "V31": -0.1395,
    "V32": -0.3003,
    "V33": -0.2322,
    "V34": -0.1105,
    "V35": -0.5026,
    "V36": 0.3112,
    "V37": -0.0131
  },
  {
    "V1": 0.1959,
    "V2": 0.266,
    "V3": 0.0058,
    "V4": 0.1578,
    "V5": -0.0397,
    "V6": 0.1843,
    "V7": 0.7294,
    "V8": 0.0002,
    "V9": -0.0829,
    "V10": -0.2093,
    "V11": -0.0278,
    "V12": 0.053,
    "V13": -0.2759,
    "V14": -0.0903,
    "V15": -0.0853,
    "V16": -0.2341,
    "V17": 0.6163,
    "V18": -0.128,
    "V19": -0.1947,
    "V20": -0.2487,
    "V21": -0.072,
    "V22": 0.0496,
    "V23": -0.076,
    "V24": -0.1136,
    "V25": -0.2528,
    "V26": 0.1404,
    "V27": -0.1748,
    "V28": 0.1202,
    "V29": 0.7705,
    "V30": 1,
    "V31": 0.0665,
    "V32": -0.4632,
    "V33": -0.448,
    "V34": -0.3627,
    "V35": -0.2336,
    "V36": -0.0126,
    "V37": -0.1559
  },
  {
    "V1": 0.4308,
    "V2": 0.5511,
    "V3": -0.55,
    "V4": -0.1508,
    "V5": -0.2848,
    "V6": -0.1204,
    "V7": -0.3182,
    "V8": -0.0925,
    "V9": 0.1696,
    "V10": -0.0725,
    "V11": 0.0389,
    "V12": 0.427,
    "V13": -0.4912,
    "V14": 0.251,
    "V15": -0.461,
    "V16": -0.2412,
    "V17": -0.1317,
    "V18": -0.041,
    "V19": -0.404,
    "V20": -0.5489,
    "V21": 0.1392,
    "V22": 0.2106,
    "V23": -0.1878,
    "V24": -0.3998,
    "V25": 0.2733,
    "V26": 0.8919,
    "V27": -0.3285,
    "V28": 0.401,
    "V29": -0.1395,
    "V30": 0.0665,
    "V31": 1,
    "V32": -0.0861,
    "V33": 0.0065,
    "V34": 0.0661,
    "V35": 0.6312,
    "V36": 0.2112,
    "V37": -0.0594
  },
  {
    "V1": -0.3725,
    "V2": -0.6218,
    "V3": -0.2074,
    "V4": -0.609,
    "V5": 0.1352,
    "V6": -0.6059,
    "V7": -0.4378,
    "V8": -0.1325,
    "V9": 0.3651,
    "V10": 0.0614,
    "V11": 0.1166,
    "V12": -0.04,
    "V13": 0.5115,
    "V14": 0.0467,
    "V15": -0.1735,
    "V16": 0.5672,
    "V17": -0.3001,
    "V18": 0.1071,
    "V19": 0.0825,
    "V20": 0.0437,
    "V21": -0.0763,
    "V22": -0.4242,
    "V23": -0.2921,
    "V24": -0.1578,
    "V25": 0.2755,
    "V26": -0.3771,
    "V27": 0.206,
    "V28": -0.451,
    "V29": -0.3003,
    "V30": -0.4632,
    "V31": -0.0861,
    "V32": 1,
    "V33": 0.952,
    "V34": 0.8983,
    "V35": 0.4972,
    "V36": -0.038,
    "V37": 0.032
  },
  {
    "V1": -0.3999,
    "V2": -0.5751,
    "V3": -0.1137,
    "V4": -0.4561,
    "V5": 0.057,
    "V6": -0.4305,
    "V7": -0.414,
    "V8": -0.1508,
    "V9": 0.3503,
    "V10": 0.0162,
    "V11": 0.1374,
    "V12": -0.0557,
    "V13": 0.4459,
    "V14": -0.018,
    "V15": -0.0053,
    "V16": 0.4471,
    "V17": -0.4199,
    "V18": -0.0161,
    "V19": 0.0217,
    "V20": -0.0076,
    "V21": -0.1747,
    "V22": -0.4094,
    "V23": -0.257,
    "V24": -0.2564,
    "V25": 0.2978,
    "V26": -0.2785,
    "V27": 0.4103,
    "V28": -0.1794,
    "V29": -0.2322,
    "V30": -0.448,
    "V31": 0.0065,
    "V32": 0.952,
    "V33": 1,
    "V34": 0.8872,
    "V35": 0.4496,
    "V36": 0.2335,
    "V37": 0.1009
  },
  {
    "V1": -0.1149,
    "V2": -0.4896,
    "V3": -0.1095,
    "V4": -0.5235,
    "V5": 0.2728,
    "V6": -0.4552,
    "V7": -0.2326,
    "V8": -0.0809,
    "V9": 0.2448,
    "V10": 0.022,
    "V11": 0.4324,
    "V12": 0.2859,
    "V13": 0.5845,
    "V14": -0.1829,
    "V15": -0.2673,
    "V16": 0.5732,
    "V17": -0.4215,
    "V18": 0.1671,
    "V19": 0.0324,
    "V20": -0.0377,
    "V21": -0.1244,
    "V22": -0.2296,
    "V23": -0.3923,
    "V24": -0.433,
    "V25": -0.0392,
    "V26": -0.15,
    "V27": 0.2097,
    "V28": -0.2478,
    "V29": -0.1105,
    "V30": -0.3627,
    "V31": 0.0661,
    "V32": 0.8983,
    "V33": 0.8872,
    "V34": 1,
    "V35": 0.3471,
    "V36": 0.2084,
    "V37": -0.0385
  },
  {
    "V1": 0.0122,
    "V2": 0.1043,
    "V3": -0.7447,
    "V4": -0.5966,
    "V5": -0.2181,
    "V6": -0.651,
    "V7": -0.7029,
    "V8": -0.1671,
    "V9": 0.41,
    "V10": -0.0055,
    "V11": -0.219,
    "V12": 0.0699,
    "V13": -0.231,
    "V14": 0.6176,
    "V15": -0.5092,
    "V16": 0.1949,
    "V17": -0.0888,
    "V18": 0.1096,
    "V19": -0.158,
    "V20": -0.3476,
    "V21": 0.3018,
    "V22": -0.1769,
    "V23": -0.1517,
    "V24": -0.1131,
    "V25": 0.7165,
    "V26": 0.2956,
    "V27": -0.3172,
    "V28": -0.2743,
    "V29": -0.5026,
    "V30": -0.2336,
    "V31": 0.6312,
    "V32": 0.4972,
    "V33": 0.4496,
    "V34": 0.3471,
    "V35": 1,
    "V36": -0.3213,
    "V37": -0.1644
  },
  {
    "V1": -0.0676,
    "V2": -0.0398,
    "V3": 0.37,
    "V4": 0.3932,
    "V5": -0.1501,
    "V6": 0.5175,
    "V7": 0.1896,
    "V8": -0.0498,
    "V9": -0.0081,
    "V10": -0.0829,
    "V11": 0.2859,
    "V12": 0.1092,
    "V13": 0.007,
    "V14": -0.5557,
    "V15": 0.4146,
    "V16": -0.3166,
    "V17": -0.3579,
    "V18": -0.3886,
    "V19": -0.2475,
    "V20": -0.1595,
    "V21": -0.4932,
    "V22": 0.0477,
    "V23": -0.1157,
    "V24": -0.3652,
    "V25": -0.301,
    "V26": 0.2939,
    "V27": 0.6166,
    "V28": 0.8221,
    "V29": 0.3112,
    "V30": -0.0126,
    "V31": 0.2112,
    "V32": -0.038,
    "V33": 0.2335,
    "V34": 0.2084,
    "V35": -0.3213,
    "V36": 1,
    "V37": 0.3424
  },
  {
    "V1": -0.4384,
    "V2": -0.3983,
    "V3": 0.0046,
    "V4": 0.0637,
    "V5": -0.5335,
    "V6": 0.0429,
    "V7": -0.076,
    "V8": -0.134,
    "V9": 0.2829,
    "V10": 0.2504,
    "V11": -0.4069,
    "V12": -0.4339,
    "V13": -0.1684,
    "V14": -0.475,
    "V15": 0.2068,
    "V16": -0.6007,
    "V17": 0.3253,
    "V18": -0.5914,
    "V19": -0.44,
    "V20": -0.0011,
    "V21": -0.6156,
    "V22": -0.3166,
    "V23": -0.2981,
    "V24": 0.3275,
    "V25": -0.0739,
    "V26": 0.0793,
    "V27": -0.0275,
    "V28": 0.2709,
    "V29": -0.0131,
    "V30": -0.1559,
    "V31": -0.0594,
    "V32": 0.032,
    "V33": 0.1009,
    "V34": -0.0385,
    "V35": -0.1644,
    "V36": 0.3424,
    "V37": 1
  }
]
